0.996917 0.0386905504 0.0386905521
0.9969173337 0.0386905504 0.0773811042
0.9723699204 0.0405883994 0.0405883975
0.9238795325 0.0447650923 0.0447650924
0.8526401644 0.0521515616 0.0521515608
0.7604059656 0.0647021757 0.0647021756
0.6494480483 0.0866208157 0.0866208151
0.5224985647 0.1277935877 0.1277935803
0.3826834324 0.2145386292 0.2145386338
0.2334453639 0.4232950351 0.4232950211
0.0784590958 0.8666294215 0.8666294217
-0.0784590957 0.8666294218 0.8666294217
-0.2334453638 0.4232950353 0.4232950211
-0.3826834323 0.2145386292 0.2145386338
-0.5224985647 0.1277935878 0.1277935952
-0.6494480483 0.0866208157 0.0866208151
-0.7604059656 0.0647021757 0.0647021756
-0.8526401643 0.0521515616 0.0521515608
-0.9238795325 0.0447650923 0.0447650924
-0.9723699204 0.0405883994 0.0405883975
-0.9969173337 0.0386905504 0.0386905521
