0 1
0,04 1,0016
0,08 1,00642
0,12 1,0145
0,16 1,02593
0,2 1,04081
0,24 1,05929
0,28 1,08156
0,32 1,10783
0,36 1,13837
0,4 1,17351
0,44 1,21361
0,48 1,2591
0,52 1,31049
0,56 1,36834
0,6 1,43333
0,64 1,50622
0,68 1,58788
0,72 1,67934
0,76 1,78176
0,8 1,89648
0,84 2,02506
0,88 2,16929
0,92 2,33124
0,96 2,51331
1 2,71828
1,04 2,94939
1,08 3,21041
1,12 3,50573
1,16 3,84049
1,2 4,2207
1,24 4,65341
1,28 5,14693
1,32 5,71103
1,36 6,35728
1,4 7,09933
1,44 7,9534
1,48 8,93879
1,52 10,0785
1,56 11,3998
1,6 12,9358
1,64 14,7258
1,68 16,8172
1,72 19,2671
1,76 22,1447
1,8 25,5337
1,84 29,5357
1,88 34,2744
1,92 39,9009
1,96 46,6
2 54,5982
2,04 0,323084
2,08 0,209621
2,12 0,235367
2,16 0,331377
2,2 0,21797
2,24 0,223127
2,28 0,333114
2,32 0,228931
2,36 0,213468
2,4 0,327982
2,44 0,242405
2,48 0,206427
2,52 0,31689
2,56 0,258087
2,6 0,201977
2,64 0,301618
2,68 0,27534
2,72 0,200079
2,76 0,284233
2,8 0,293065
2,84 0,200711
2,88 0,266574
2,92 0,309647
2,96 0,203881
3 0,25
3,04 0,323084
3,08 0,209621
3,12 0,235367
3,16 0,331377
3,2 0,21797
3,24 0,223127
3,28 0,333114
3,32 0,228931
3,36 0,213468
3,4 0,327982
3,44 0,242405
3,48 0,206427
3,52 0,31689
3,56 0,258087
3,6 0,201977
3,64 0,301618
3,68 0,27534
3,72 0,200079
3,76 0,284233
3,8 0,293065
3,84 0,200711
3,88 0,266574
3,92 0,309647
3,96 0,203881
4 0,25
